=== Run information ===

Scheme:weka.classifiers.bayes.NaiveBayes 
Relation:     portuguese
Instances:    533713
Attributes:   2
              letter
              target
Test mode:10-fold cross-validation

=== Classifier model (full training set) ===

Naive Bayes Classifier

                  Class
Attribute             0        1        2        3        4        5        6        7        8        9       10       11
                 (0.95)      (0)   (0.01)      (0)   (0.01)   (0.01)   (0.02)      (0)      (0)      (0)      (0)      (0)
===========================================================================================================================
letter
  a              51750.0    294.0   1729.0    298.0   3137.0      1.0   2153.0      7.0     52.0      3.0      1.0      1.0
  b               3681.0      1.0      1.0      1.0      1.0      1.0    426.0      1.0      1.0      1.0      1.0      1.0
  c              14953.0      1.0      1.0      1.0      1.0   2685.0    917.0      1.0      1.0      1.0      1.0      1.0
  d              22573.0      1.0      1.0      1.0      1.0      1.0    388.0      1.0      1.0      1.0      1.0      1.0
  e              48188.0      1.0   2208.0    709.0      1.0      1.0   1173.0      1.0     37.0      1.0      1.0      1.0
  f               4310.0      1.0      1.0      1.0      1.0      1.0    267.0      1.0      1.0      1.0      1.0      1.0
  g               5204.0      1.0      1.0      1.0      1.0      1.0    257.0      1.0      1.0      1.0      1.0      1.0
  h               2666.0      1.0      1.0      1.0      1.0      1.0    247.0      1.0      1.0      1.0      1.0      1.0
  i              30540.0      1.0   1861.0      2.0      1.0      1.0    566.0      1.0     20.0      1.0      1.0      1.0
  j                821.0      1.0      1.0      1.0      1.0      1.0    170.0      1.0      1.0      1.0      1.0      1.0
  k                207.0      1.0      1.0      1.0      1.0      1.0    128.0      1.0      1.0      1.0      1.0      1.0
  l              12981.0      1.0      1.0      1.0      1.0      1.0    369.0      1.0      1.0      1.0      1.0      1.0
  m              18695.0      1.0      1.0      1.0      1.0      1.0    549.0      1.0      1.0      1.0      1.0      1.0
  n              23396.0      1.0      1.0      1.0      1.0      1.0    545.0      1.0      1.0      1.0      1.0      1.0
  o              42553.0      1.0    905.0    259.0    767.0      1.0    795.0      1.0      2.0      1.0      1.0      1.0
  p              10732.0      1.0      1.0      1.0      1.0      1.0    827.0      1.0      1.0      1.0      1.0      1.0
  q               3407.0      1.0      1.0      1.0      1.0      1.0     58.0      1.0      1.0      1.0      1.0      1.0
  r              28249.0      1.0      1.0      1.0      1.0      1.0    338.0      1.0      1.0      1.0      1.0      1.0
  s              33306.0      1.0      1.0      1.0      1.0      1.0    619.0      1.0      1.0      1.0      1.0      1.0
  t              21658.0      1.0      1.0      1.0      1.0      1.0    396.0      1.0      1.0      1.0      1.0      1.0
  u              16358.0      1.0    413.0      1.0      1.0      1.0    387.0      1.0      2.0      1.0      1.0      1.0
  v               5412.0      1.0      1.0      1.0      1.0      1.0    140.0      1.0      1.0      1.0      1.0      1.0
  w                 87.0      1.0      1.0      1.0      1.0      1.0     66.0      1.0      1.0      1.0      1.0      1.0
  x               1103.0      1.0      1.0      1.0      1.0      1.0    199.0      1.0      1.0      1.0      1.0      1.0
  y                142.0      1.0      1.0      1.0      1.0      1.0      5.0      1.0      1.0      1.0      1.0      1.0
  z               1353.0      1.0      1.0      1.0      1.0      1.0     49.0      1.0      1.0      1.0      1.0      1.0
  0               1042.0      1.0      1.0      1.0      1.0      1.0      1.0      1.0      1.0      1.0      1.0      1.0
  1               1295.0      1.0      1.0      1.0      1.0      1.0      1.0      1.0      1.0      1.0      1.0      1.0
  2                601.0      1.0      1.0      1.0      1.0      1.0      1.0      1.0      1.0      1.0      1.0      1.0
  3                354.0      1.0      1.0      1.0      1.0      1.0      1.0      1.0      1.0      1.0      1.0      1.0
  4                262.0      1.0      1.0      1.0      1.0      1.0      1.0      1.0      1.0      1.0      1.0      1.0
  5                329.0      1.0      1.0      1.0      1.0      1.0      1.0      1.0      1.0      1.0      1.0      1.0
  6                274.0      1.0      1.0      1.0      1.0      1.0      1.0      1.0      1.0      1.0      1.0      1.0
  7                299.0      1.0      1.0      1.0      1.0      1.0      1.0      1.0      1.0      1.0      1.0      1.0
  8                391.0      1.0      1.0      1.0      1.0      1.0      1.0      1.0      1.0      1.0      1.0      1.0
  9                766.0      1.0      1.0      1.0      1.0      1.0      1.0      1.0      1.0      1.0      1.0      1.0
  SPACE          82748.0      1.0      1.0      1.0      1.0      1.0      1.0      1.0      1.0      1.0      1.0      1.0
  PERIOD          3470.0      1.0      1.0      1.0      1.0      1.0      1.0      1.0      1.0      1.0      1.0      1.0
  COMMA           6426.0      1.0      1.0      1.0      1.0      1.0      1.0      1.0      1.0      1.0      1.0      1.0
  OTHER           3793.0      1.0      1.0      1.0      1.0      1.0      1.0      1.0      1.0      1.0      1.0      1.0
  BOS                1.0      1.0      1.0      1.0      1.0      1.0      1.0      1.0      1.0      1.0      1.0      1.0
  EOS                1.0      1.0      1.0      1.0      1.0      1.0      1.0      1.0      1.0      1.0      1.0      1.0
  [total]       506377.0    335.0   7153.0   1306.0   3944.0   2726.0  12050.0     48.0    150.0     44.0     42.0     42.0



Time taken to build model: 0.1 seconds

=== Stratified cross-validation ===
=== Summary ===

Correctly Classified Instances      506335               94.8703 %
Incorrectly Classified Instances     27378                5.1297 %
Kappa statistic                          0     
Mean absolute error                      0.0158
Root mean squared error                  0.0889
Relative absolute error                 95.6447 %
Root relative squared error             97.7753 %
Total Number of Instances           533713     

=== Detailed Accuracy By Class ===

               TP Rate   FP Rate   Precision   Recall  F-Measure   ROC Area  Class
                 1         1          0.949     1         0.974      0.772    0
                 0         0          0         0         0          0.943    1
                 0         0          0         0         0          0.848    2
                 0         0          0         0         0          0.885    3
                 0         0          0         0         0          0.927    4
                 0         0          0         0         0          0.985    5
                 0         0          0         0         0          0.715    6
                 0         0          0         0         0          0.829    7
                 0         0          0         0         0          0.844    8
                 0         0          0         0         0          0.374    9
                 0         0          0         0         0          ?        10
                 0         0          0         0         0          ?        11
Weighted Avg.    0.949     0.949      0.9       0.949     0.924      0.774

=== Confusion Matrix ===

      a      b      c      d      e      f      g      h      i      j      k      l   <-- classified as
 506335      0      0      0      0      0      0      0      0      0      0      0 |      a = 0
    293      0      0      0      0      0      0      0      0      0      0      0 |      b = 1
   7111      0      0      0      0      0      0      0      0      0      0      0 |      c = 2
   1264      0      0      0      0      0      0      0      0      0      0      0 |      d = 3
   3902      0      0      0      0      0      0      0      0      0      0      0 |      e = 4
   2684      0      0      0      0      0      0      0      0      0      0      0 |      f = 5
  12008      0      0      0      0      0      0      0      0      0      0      0 |      g = 6
      6      0      0      0      0      0      0      0      0      0      0      0 |      h = 7
    108      0      0      0      0      0      0      0      0      0      0      0 |      i = 8
      2      0      0      0      0      0      0      0      0      0      0      0 |      j = 9
      0      0      0      0      0      0      0      0      0      0      0      0 |      k = 10
      0      0      0      0      0      0      0      0      0      0      0      0 |      l = 11

