=== Run information ===

Scheme:weka.classifiers.bayes.NaiveBayes 
Relation:     portuguese
Instances:    533713
Attributes:   4
              prev
              letter
              next
              target
Test mode:10-fold cross-validation

=== Classifier model (full training set) ===

Naive Bayes Classifier

                  Class
Attribute             0        1        2        3        4        5        6        7        8        9       10       11
                 (0.95)      (0)   (0.01)      (0)   (0.01)   (0.01)   (0.02)      (0)      (0)      (0)      (0)      (0)
===========================================================================================================================
prev
  a              57622.0      1.0    365.0      1.0      1.0   1376.0     55.0      1.0      1.0      1.0      1.0      1.0
  b               3834.0      1.0    231.0      8.0     28.0      1.0      9.0      1.0      1.0      1.0      1.0      1.0
  c              16157.0      1.0    177.0     83.0   2033.0     29.0     79.0      1.0      1.0      1.0      1.0      1.0
  d              22559.0      1.0    212.0    128.0     34.0      1.0     31.0      1.0      1.0      1.0      1.0      1.0
  e              52060.0      1.0     56.0      8.0     11.0    147.0     34.0      1.0      1.0      1.0      1.0      1.0
  f               4343.0      1.0    207.0      4.0      2.0      1.0     24.0      1.0      1.0      1.0      1.0      1.0
  g               5243.0      1.0     78.0     61.0     71.0      1.0     11.0      1.0      1.0      1.0      1.0      1.0
  h               2758.0      1.0     82.0      3.0     71.0      1.0      2.0      1.0      1.0      1.0      1.0      1.0
  i              32050.0      1.0     91.0     64.0    209.0    397.0    179.0      1.0      1.0      1.0      1.0      1.0
  j                854.0      1.0    132.0      1.0      3.0      1.0      4.0      1.0      1.0      1.0      1.0      1.0
  k                333.0      1.0      1.0      1.0      1.0      1.0      2.0      1.0      1.0      1.0      1.0      1.0
  l              12564.0      1.0    597.0    129.0     13.0      6.0     45.0      1.0      1.0      1.0      1.0      1.0
  m              18575.0      1.0    572.0     30.0     49.0      1.0     21.0      1.0      1.0      1.0      1.0      1.0
  n              22667.0      1.0    406.0    120.0    355.0    331.0     66.0      1.0      1.0      1.0      1.0      1.0
  o              45193.0      1.0     16.0      3.0     11.0     20.0     38.0      1.0      1.0      1.0      1.0      1.0
  p              11011.0      1.0    369.0     29.0     20.0     30.0    104.0      1.0      1.0      1.0      1.0      1.0
  q               3464.0      1.0      1.0      1.0      1.0      1.0      1.0      1.0      1.0      1.0      1.0      1.0
  r              27449.0      1.0    733.0    150.0     82.0    161.0     16.0      1.0      1.0      1.0      1.0      1.0
  s              32871.0      1.0    427.0     24.0    580.0      1.0     26.0      1.0      1.0      1.0      1.0      1.0
  t              20574.0      2.0    935.0    223.0    302.0      1.0     22.0      1.0      1.0      1.0      1.0      1.0
  u              16581.0      1.0    194.0    147.0      1.0    197.0     42.0      1.0      1.0      1.0      1.0      1.0
  v               5196.0      1.0    271.0     35.0     21.0      1.0     32.0      1.0      1.0      1.0      1.0      1.0
  w                150.0      1.0      2.0      1.0      1.0      1.0      2.0      1.0      1.0      1.0      1.0      1.0
  x               1135.0      1.0     45.0      3.0      9.0      1.0    113.0      1.0      1.0      1.0      1.0      1.0
  y                145.0      1.0      1.0      1.0      2.0      1.0      1.0      1.0      1.0      1.0      1.0      1.0
  z               1364.0      1.0      5.0     18.0     17.0      1.0      1.0      1.0      1.0      1.0      1.0      1.0
  0               1042.0      1.0      1.0      1.0      1.0      1.0      1.0      1.0      1.0      1.0      1.0      1.0
  1               1295.0      1.0      1.0      1.0      1.0      1.0      1.0      1.0      1.0      1.0      1.0      1.0
  2                601.0      1.0      1.0      1.0      1.0      1.0      1.0      1.0      1.0      1.0      1.0      1.0
  3                353.0      1.0      1.0      1.0      1.0      1.0      2.0      1.0      1.0      1.0      1.0      1.0
  4                262.0      1.0      1.0      1.0      1.0      1.0      1.0      1.0      1.0      1.0      1.0      1.0
  5                329.0      1.0      1.0      1.0      1.0      1.0      1.0      1.0      1.0      1.0      1.0      1.0
  6                274.0      1.0      1.0      1.0      1.0      1.0      1.0      1.0      1.0      1.0      1.0      1.0
  7                299.0      1.0      1.0      1.0      1.0      1.0      1.0      1.0      1.0      1.0      1.0      1.0
  8                391.0      1.0      1.0      1.0      1.0      1.0      1.0      1.0      1.0      1.0      1.0      1.0
  9                766.0      1.0      1.0      1.0      1.0      1.0      1.0      1.0      1.0      1.0      1.0      1.0
  SPACE          71659.0    293.0    924.0     15.0      1.0      1.0   9751.0      5.0    105.0      3.0      1.0      1.0
  PERIOD          2623.0      1.0      1.0      1.0      1.0      1.0    846.0      2.0      1.0      1.0      1.0      1.0
  COMMA           6425.0      1.0      1.0      1.0      1.0      1.0      2.0      1.0      1.0      1.0      1.0      1.0
  OTHER           3304.0      1.0      9.0      1.0      1.0      1.0    477.0      2.0      5.0      1.0      1.0      1.0
  BOS                1.0      1.0      1.0      1.0      1.0      1.0      2.0      1.0      1.0      1.0      1.0      1.0
  EOS                1.0      1.0      1.0      1.0      1.0      1.0      1.0      1.0      1.0      1.0      1.0      1.0
  [total]       506377.0    335.0   7153.0   1306.0   3944.0   2726.0  12050.0     48.0    150.0     44.0     42.0     42.0

letter
  a              51750.0    294.0   1729.0    298.0   3137.0      1.0   2153.0      7.0     52.0      3.0      1.0      1.0
  b               3681.0      1.0      1.0      1.0      1.0      1.0    426.0      1.0      1.0      1.0      1.0      1.0
  c              14953.0      1.0      1.0      1.0      1.0   2685.0    917.0      1.0      1.0      1.0      1.0      1.0
  d              22573.0      1.0      1.0      1.0      1.0      1.0    388.0      1.0      1.0      1.0      1.0      1.0
  e              48188.0      1.0   2208.0    709.0      1.0      1.0   1173.0      1.0     37.0      1.0      1.0      1.0
  f               4310.0      1.0      1.0      1.0      1.0      1.0    267.0      1.0      1.0      1.0      1.0      1.0
  g               5204.0      1.0      1.0      1.0      1.0      1.0    257.0      1.0      1.0      1.0      1.0      1.0
  h               2666.0      1.0      1.0      1.0      1.0      1.0    247.0      1.0      1.0      1.0      1.0      1.0
  i              30540.0      1.0   1861.0      2.0      1.0      1.0    566.0      1.0     20.0      1.0      1.0      1.0
  j                821.0      1.0      1.0      1.0      1.0      1.0    170.0      1.0      1.0      1.0      1.0      1.0
  k                207.0      1.0      1.0      1.0      1.0      1.0    128.0      1.0      1.0      1.0      1.0      1.0
  l              12981.0      1.0      1.0      1.0      1.0      1.0    369.0      1.0      1.0      1.0      1.0      1.0
  m              18695.0      1.0      1.0      1.0      1.0      1.0    549.0      1.0      1.0      1.0      1.0      1.0
  n              23396.0      1.0      1.0      1.0      1.0      1.0    545.0      1.0      1.0      1.0      1.0      1.0
  o              42553.0      1.0    905.0    259.0    767.0      1.0    795.0      1.0      2.0      1.0      1.0      1.0
  p              10732.0      1.0      1.0      1.0      1.0      1.0    827.0      1.0      1.0      1.0      1.0      1.0
  q               3407.0      1.0      1.0      1.0      1.0      1.0     58.0      1.0      1.0      1.0      1.0      1.0
  r              28249.0      1.0      1.0      1.0      1.0      1.0    338.0      1.0      1.0      1.0      1.0      1.0
  s              33306.0      1.0      1.0      1.0      1.0      1.0    619.0      1.0      1.0      1.0      1.0      1.0
  t              21658.0      1.0      1.0      1.0      1.0      1.0    396.0      1.0      1.0      1.0      1.0      1.0
  u              16358.0      1.0    413.0      1.0      1.0      1.0    387.0      1.0      2.0      1.0      1.0      1.0
  v               5412.0      1.0      1.0      1.0      1.0      1.0    140.0      1.0      1.0      1.0      1.0      1.0
  w                 87.0      1.0      1.0      1.0      1.0      1.0     66.0      1.0      1.0      1.0      1.0      1.0
  x               1103.0      1.0      1.0      1.0      1.0      1.0    199.0      1.0      1.0      1.0      1.0      1.0
  y                142.0      1.0      1.0      1.0      1.0      1.0      5.0      1.0      1.0      1.0      1.0      1.0
  z               1353.0      1.0      1.0      1.0      1.0      1.0     49.0      1.0      1.0      1.0      1.0      1.0
  0               1042.0      1.0      1.0      1.0      1.0      1.0      1.0      1.0      1.0      1.0      1.0      1.0
  1               1295.0      1.0      1.0      1.0      1.0      1.0      1.0      1.0      1.0      1.0      1.0      1.0
  2                601.0      1.0      1.0      1.0      1.0      1.0      1.0      1.0      1.0      1.0      1.0      1.0
  3                354.0      1.0      1.0      1.0      1.0      1.0      1.0      1.0      1.0      1.0      1.0      1.0
  4                262.0      1.0      1.0      1.0      1.0      1.0      1.0      1.0      1.0      1.0      1.0      1.0
  5                329.0      1.0      1.0      1.0      1.0      1.0      1.0      1.0      1.0      1.0      1.0      1.0
  6                274.0      1.0      1.0      1.0      1.0      1.0      1.0      1.0      1.0      1.0      1.0      1.0
  7                299.0      1.0      1.0      1.0      1.0      1.0      1.0      1.0      1.0      1.0      1.0      1.0
  8                391.0      1.0      1.0      1.0      1.0      1.0      1.0      1.0      1.0      1.0      1.0      1.0
  9                766.0      1.0      1.0      1.0      1.0      1.0      1.0      1.0      1.0      1.0      1.0      1.0
  SPACE          82748.0      1.0      1.0      1.0      1.0      1.0      1.0      1.0      1.0      1.0      1.0      1.0
  PERIOD          3470.0      1.0      1.0      1.0      1.0      1.0      1.0      1.0      1.0      1.0      1.0      1.0
  COMMA           6426.0      1.0      1.0      1.0      1.0      1.0      1.0      1.0      1.0      1.0      1.0      1.0
  OTHER           3793.0      1.0      1.0      1.0      1.0      1.0      1.0      1.0      1.0      1.0      1.0      1.0
  BOS                1.0      1.0      1.0      1.0      1.0      1.0      1.0      1.0      1.0      1.0      1.0      1.0
  EOS                1.0      1.0      1.0      1.0      1.0      1.0      1.0      1.0      1.0      1.0      1.0      1.0
  [total]       506377.0    335.0   7153.0   1306.0   3944.0   2726.0  12050.0     48.0    150.0     44.0     42.0     42.0

next
  a              55672.0      1.0     54.0      1.0      1.0   1990.0   1700.0      1.0      2.0      1.0      1.0      1.0
  b               3900.0      1.0    144.0      1.0      1.0      1.0     64.0      1.0      1.0      1.0      1.0      1.0
  c              17825.0      1.0    563.0      1.0      1.0      1.0    167.0      1.0      1.0      1.0      1.0      1.0
  d              22579.0      1.0    251.0      3.0      1.0      1.0    129.0      1.0      2.0      1.0      1.0      1.0
  e              50319.0      1.0      4.0      2.0    779.0      1.0   1211.0      1.0      1.0      1.0      1.0      1.0
  f               4318.0      1.0     97.0      1.0      1.0      1.0    150.0      1.0     14.0      1.0      1.0      1.0
  g               5238.0      1.0    180.0      1.0      1.0      1.0     44.0      1.0      1.0      1.0      1.0      1.0
  h               2722.0      1.0      1.0      1.0      1.0      1.0    191.0      1.0      1.0      1.0      1.0      1.0
  i              31989.0      1.0     68.0      1.0      2.0      1.0    929.0      1.0      1.0      1.0      1.0      1.0
  j                984.0      1.0      1.0      1.0      1.0      1.0      4.0      1.0      4.0      1.0      1.0      1.0
  k                322.0      1.0      3.0      3.0      1.0      1.0      9.0      1.0      1.0      1.0      1.0      1.0
  l              12634.0      1.0    278.0      2.0      1.0      1.0    429.0      1.0     10.0      1.0      1.0      1.0
  m              17926.0      1.0    434.0    286.0      2.0      1.0    599.0      1.0      1.0      1.0      1.0      1.0
  n              22128.0      1.0    348.0    804.0      1.0      1.0    642.0      1.0     20.0      3.0      1.0      1.0
  o              40145.0      1.0     67.0      1.0   3033.0    683.0   1352.0      1.0      1.0      1.0      1.0      1.0
  p              11203.0      1.0    215.0      1.0      1.0      1.0    137.0      1.0      6.0      1.0      1.0      1.0
  q               3273.0      4.0     22.0      1.0      1.0      1.0    168.0      1.0      1.0      1.0      1.0      1.0
  r              26505.0      1.0   1266.0      5.0      1.0      1.0    802.0      1.0     12.0      1.0      1.0      1.0
  s              32096.0     63.0    821.0    122.0     24.0      1.0    782.0      2.0     21.0      1.0      1.0      1.0
  t              21335.0      1.0    579.0      2.0      1.0      1.0    139.0      1.0      2.0      1.0      1.0      1.0
  u              16331.0      1.0     19.0      4.0      1.0     14.0    790.0      1.0      4.0      1.0      1.0      1.0
  v               5160.0      1.0    341.0      1.0      1.0      1.0     52.0      1.0      1.0      1.0      1.0      1.0
  w                143.0      1.0      1.0      1.0      1.0      1.0     10.0      1.0      1.0      1.0      1.0      1.0
  x               1084.0      1.0    111.0      6.0      1.0      1.0    103.0      1.0      1.0      1.0      1.0      1.0
  y                133.0      1.0      1.0      1.0      1.0      1.0     14.0      1.0      1.0      1.0      1.0      1.0
  z               1375.0      1.0     12.0      1.0      1.0      1.0     16.0      1.0      1.0      1.0      1.0      1.0
  0               1042.0      1.0      1.0      1.0      1.0      1.0      1.0      1.0      1.0      1.0      1.0      1.0
  1               1294.0      1.0      1.0      1.0      1.0      1.0      2.0      1.0      1.0      1.0      1.0      1.0
  2                579.0      1.0      1.0      1.0      1.0      1.0     23.0      1.0      1.0      1.0      1.0      1.0
  3                353.0      1.0      1.0      1.0      1.0      1.0      2.0      1.0      1.0      1.0      1.0      1.0
  4                261.0      1.0      1.0      1.0      1.0      1.0      2.0      1.0      1.0      1.0      1.0      1.0
  5                329.0      1.0      1.0      1.0      1.0      1.0      1.0      1.0      1.0      1.0      1.0      1.0
  6                274.0      1.0      1.0      1.0      1.0      1.0      1.0      1.0      1.0      1.0      1.0      1.0
  7                299.0      1.0      1.0      1.0      1.0      1.0      1.0      1.0      1.0      1.0      1.0      1.0
  8                391.0      1.0      1.0      1.0      1.0      1.0      1.0      1.0      1.0      1.0      1.0      1.0
  9                766.0      1.0      1.0      1.0      1.0      1.0      1.0      1.0      1.0      1.0      1.0      1.0
  SPACE          80226.0    229.0   1135.0     19.0     39.0      1.0   1078.0      6.0     23.0      1.0      1.0      1.0
  PERIOD          3340.0      1.0      4.0      3.0     11.0      1.0    116.0      1.0      1.0      1.0      1.0      1.0
  COMMA           6260.0      1.0     40.0      3.0     17.0      1.0    110.0      1.0      1.0      1.0      1.0      1.0
  OTHER           3621.0      1.0     81.0     15.0      4.0      1.0     76.0      1.0      1.0      1.0      1.0      1.0
  BOS                1.0      1.0      1.0      1.0      1.0      1.0      1.0      1.0      1.0      1.0      1.0      1.0
  EOS                2.0      1.0      1.0      1.0      1.0      1.0      1.0      1.0      1.0      1.0      1.0      1.0
  [total]       506377.0    335.0   7153.0   1306.0   3944.0   2726.0  12050.0     48.0    150.0     44.0     42.0     42.0



Time taken to build model: 0.05 seconds

=== Stratified cross-validation ===
=== Summary ===

Correctly Classified Instances      508060               95.1935 %
Incorrectly Classified Instances     25653                4.8065 %
Kappa statistic                          0.3005
Mean absolute error                      0.0169
Root mean squared error                  0.0855
Relative absolute error                102.2295 %
Root relative squared error             94.092  %
Total Number of Instances           533713     

=== Detailed Accuracy By Class ===

               TP Rate   FP Rate   Precision   Recall  F-Measure   ROC Area  Class
                 0.992     0.787      0.959     0.992     0.975      0.871    0
                 0         0          0         0         0          0.996    1
                 0.001     0          0.019     0.001     0.001      0.892    2
                 0         0          0         0         0          0.981    3
                 0.685     0          0.986     0.685     0.808      0.999    4
                 0.893     0.006      0.431     0.893     0.581      0.998    5
                 0.059     0.001      0.535     0.059     0.107      0.926    6
                 0         0          0         0         0          0.857    7
                 0         0          0         0         0          0.971    8
                 0         0          0         0         0          0.586    9
                 0         0          0         0         0          ?        10
                 0         0          0         0         0          ?        11
Weighted Avg.    0.952     0.747      0.931     0.952     0.936      0.874

=== Confusion Matrix ===

      a      b      c      d      e      f      g      h      i      j      k      l   <-- classified as
 502276      0    221     16     38   3164    618      2      0      0      0      0 |      a = 0
    293      0      0      0      0      0      0      0      0      0      0      0 |      b = 1
   7106      0      5      0      0      0      0      0      0      0      0      0 |      c = 2
   1261      0      3      0      0      0      0      0      0      0      0      0 |      d = 3
   1231      0      0      0   2671      0      0      0      0      0      0      0 |      e = 4
    288      0      0      0      0   2396      0      0      0      0      0      0 |      f = 5
  11257      1     38      0      0      0    712      0      0      0      0      0 |      g = 6
      6      0      0      0      0      0      0      0      0      0      0      0 |      h = 7
    108      0      0      0      0      0      0      0      0      0      0      0 |      i = 8
      2      0      0      0      0      0      0      0      0      0      0      0 |      j = 9
      0      0      0      0      0      0      0      0      0      0      0      0 |      k = 10
      0      0      0      0      0      0      0      0      0      0      0      0 |      l = 11

