=== Run information ===

Scheme:weka.classifiers.bayes.NaiveBayes 
Relation:     portuguese
Instances:    533713
Attributes:   8
              prev3
              prev2
              prev1
              letter
              next1
              next2
              next3
              target
Test mode:10-fold cross-validation

=== Classifier model (full training set) ===

Naive Bayes Classifier

                  Class
Attribute             0        1        2        3        4        5        6        7        8        9       10       11
                 (0.95)      (0)   (0.01)      (0)   (0.01)   (0.01)   (0.02)      (0)      (0)      (0)      (0)      (0)
===========================================================================================================================
prev3
  a              56723.0     54.0    855.0     91.0    147.0     93.0   1449.0      2.0      9.0      1.0      1.0      1.0
  b               3990.0      2.0     38.0      7.0     17.0     38.0     20.0      1.0      1.0      1.0      1.0      1.0
  c              17794.0      4.0    157.0    107.0    149.0     83.0    264.0      1.0      1.0      2.0      1.0      1.0
  d              20330.0     45.0    213.0     16.0    203.0    101.0   2033.0      1.0     26.0      1.0      1.0      1.0
  e              49658.0     24.0    782.0    204.0    678.0    287.0    681.0      1.0      4.0      1.0      1.0      1.0
  f               4173.0      1.0     48.0    115.0     82.0    135.0     28.0      1.0      1.0      1.0      1.0      1.0
  g               5264.0      2.0     62.0      5.0     50.0     38.0     44.0      1.0      2.0      1.0      1.0      1.0
  h               2786.0      2.0     60.0      6.0      3.0      5.0     56.0      1.0      1.0      1.0      1.0      1.0
  i              31099.0     20.0    423.0     94.0    431.0    389.0    534.0      1.0      2.0      1.0      1.0      1.0
  j                918.0      1.0     30.0      1.0     24.0      2.0     20.0      1.0      1.0      1.0      1.0      1.0
  k                326.0      1.0      2.0      1.0      1.0      1.0      8.0      1.0      1.0      1.0      1.0      1.0
  l              12158.0      4.0    221.0     12.0    345.0     83.0    524.0      2.0      8.0      1.0      1.0      1.0
  m              18668.0      9.0    223.0     54.0     63.0     27.0    203.0      1.0      2.0      1.0      1.0      1.0
  n              22864.0      6.0    236.0     25.0    115.0     95.0    591.0      1.0     15.0      1.0      1.0      1.0
  o              42382.0     49.0    729.0     85.0    122.0    339.0   1563.0      2.0     12.0      1.0      1.0      1.0
  p              11099.0      1.0    296.0     51.0     25.0     27.0     65.0      1.0      1.0      1.0      1.0      1.0
  q               3446.0      1.0      3.0      1.0      1.0     16.0      2.0      1.0      1.0      1.0      1.0      1.0
  r              27143.0      7.0    419.0     78.0    309.0    248.0    383.0      3.0      4.0      1.0      1.0      1.0
  s              32217.0     13.0    386.0     65.0    287.0    120.0    834.0      1.0      9.0      1.0      1.0      1.0
  t              21180.0     46.0    185.0     21.0    150.0    212.0    263.0      1.0      2.0      2.0      1.0      1.0
  u              16354.0      4.0    132.0     53.0    246.0    175.0    198.0      1.0      2.0      1.0      1.0      1.0
  v               5214.0      3.0     67.0     39.0    131.0     53.0     49.0      1.0      2.0      1.0      1.0      1.0
  w                152.0      1.0      1.0      1.0      1.0      1.0      1.0      1.0      1.0      1.0      1.0      1.0
  x               1228.0      2.0     15.0      7.0      5.0      9.0     41.0      1.0      1.0      1.0      1.0      1.0
  y                137.0      1.0      1.0      1.0      1.0      1.0     10.0      1.0      1.0      1.0      1.0      1.0
  z               1213.0      2.0      7.0      1.0    165.0      2.0     17.0      1.0      1.0      1.0      1.0      1.0
  0                994.0      1.0      5.0      1.0      1.0      1.0     45.0      1.0      1.0      1.0      1.0      1.0
  1               1260.0      2.0      2.0      1.0      1.0      1.0     34.0      1.0      1.0      1.0      1.0      1.0
  2                572.0      1.0      1.0      1.0      2.0      1.0     29.0      1.0      1.0      1.0      1.0      1.0
  3                325.0      1.0      2.0      1.0      1.0      1.0     29.0      1.0      1.0      1.0      1.0      1.0
  4                246.0      1.0      3.0      1.0      1.0      1.0     15.0      1.0      1.0      1.0      1.0      1.0
  5                299.0      1.0      2.0      1.0      1.0      1.0     30.0      1.0      1.0      1.0      1.0      1.0
  6                257.0      1.0      1.0      1.0      1.0      1.0     18.0      1.0      1.0      1.0      1.0      1.0
  7                279.0      1.0      2.0      1.0      2.0      1.0     19.0      1.0      1.0      1.0      1.0      1.0
  8                375.0      1.0      1.0      1.0      1.0      1.0     17.0      1.0      1.0      1.0      1.0      1.0
  9                743.0      1.0      4.0      1.0      1.0      1.0     21.0      1.0      1.0      1.0      1.0      1.0
  SPACE          79531.0     13.0   1349.0    141.0     84.0    126.0   1490.0      1.0     21.0      1.0      1.0      1.0
  PERIOD          3278.0      1.0     64.0      2.0     13.0      1.0    116.0      1.0      1.0      1.0      1.0      1.0
  COMMA           6258.0      1.0     75.0      9.0     68.0      5.0     16.0      1.0      1.0      1.0      1.0      1.0
  OTHER           3441.0      2.0     49.0      1.0     14.0      2.0    286.0      2.0      4.0      1.0      1.0      1.0
  BOS                2.0      1.0      1.0      1.0      1.0      1.0      3.0      1.0      1.0      1.0      1.0      1.0
  EOS                1.0      1.0      1.0      1.0      1.0      1.0      1.0      1.0      1.0      1.0      1.0      1.0
  [total]       506377.0    335.0   7153.0   1306.0   3944.0   2726.0  12050.0     48.0    150.0     44.0     42.0     42.0

prev2
  a              54507.0     47.0   1126.0     80.0   1342.0    262.0   2019.0      1.0     39.0      1.0      1.0      1.0
  b               4035.0      1.0     40.0      3.0      1.0     22.0     10.0      1.0      1.0      1.0      1.0      1.0
  c              18161.0      1.0    113.0     54.0     32.0    155.0     43.0      1.0      1.0      1.0      1.0      1.0
  d              22619.0      1.0     45.0      7.0     14.0    194.0     86.0      1.0      1.0      1.0      1.0      1.0
  e              49654.0     45.0    581.0    123.0    196.0    198.0   1509.0      1.0     12.0      1.0      1.0      1.0
  f               4533.0      1.0     13.0      1.0      1.0      8.0     25.0      1.0      1.0      1.0      1.0      1.0
  g               5144.0      1.0     85.0     39.0    144.0     44.0      9.0      1.0      1.0      1.0      1.0      1.0
  h               2863.0      1.0      2.0      1.0      1.0      3.0     47.0      1.0      1.0      1.0      1.0      1.0
  i              31650.0      3.0    517.0    117.0    458.0    113.0    133.0      1.0      1.0      1.0      1.0      1.0
  j                951.0      1.0      9.0      1.0     11.0     20.0      3.0      1.0      1.0      1.0      1.0      1.0
  k                322.0      1.0      2.0      2.0      1.0      1.0     11.0      1.0      1.0      1.0      1.0      1.0
  l              12631.0      3.0     72.0     61.0     79.0    268.0    241.0      1.0      1.0      1.0      1.0      1.0
  m              18549.0     26.0    260.0      6.0      5.0    108.0    292.0      1.0      4.0      1.0      1.0      1.0
  n              23034.0      1.0    272.0    117.0    232.0    107.0    183.0      1.0      1.0      1.0      1.0      1.0
  o              41925.0     77.0    768.0    198.0     34.0    126.0   2129.0      1.0     23.0      3.0      1.0      1.0
  p              10925.0      1.0    451.0     13.0     31.0     60.0     83.0      1.0      1.0      1.0      1.0      1.0
  q               3369.0      1.0     34.0     63.0      1.0      1.0      1.0      1.0      1.0      1.0      1.0      1.0
  r              27583.0     10.0    239.0     85.0     76.0    306.0    291.0      1.0      3.0      1.0      1.0      1.0
  s              31947.0     58.0    534.0     90.0    379.0     95.0    824.0      2.0      3.0      1.0      1.0      1.0
  t              21620.0      1.0    155.0     71.0      6.0    143.0     63.0      1.0      1.0      1.0      1.0      1.0
  u              16566.0     17.0     62.0     31.0    224.0    174.0     88.0      1.0      2.0      1.0      1.0      1.0
  v               5408.0      1.0     42.0      1.0      3.0     83.0     19.0      1.0      1.0      1.0      1.0      1.0
  w                149.0      1.0      1.0      1.0      1.0      1.0      4.0      1.0      1.0      1.0      1.0      1.0
  x               1208.0      1.0      3.0      2.0      1.0      4.0     88.0      1.0      1.0      1.0      1.0      1.0
  y                119.0      1.0      1.0      1.0      1.0      1.0     28.0      1.0      1.0      1.0      1.0      1.0
  z               1225.0      2.0      4.0      1.0      1.0    163.0     11.0      1.0      1.0      1.0      1.0      1.0
  0               1030.0      1.0      2.0      1.0      1.0      1.0     12.0      1.0      1.0      1.0      1.0      1.0
  1               1288.0      1.0      1.0      1.0      1.0      1.0      8.0      1.0      1.0      1.0      1.0      1.0
  2                593.0      1.0      1.0      1.0      1.0      1.0      9.0      1.0      1.0      1.0      1.0      1.0
  3                351.0      1.0      1.0      1.0      1.0      1.0      4.0      1.0      1.0      1.0      1.0      1.0
  4                256.0      1.0      1.0      1.0      1.0      1.0      7.0      1.0      1.0      1.0      1.0      1.0
  5                324.0      1.0      1.0      1.0      1.0      1.0      6.0      1.0      1.0      1.0      1.0      1.0
  6                266.0      1.0      1.0      1.0      1.0      1.0      9.0      1.0      1.0      1.0      1.0      1.0
  7                297.0      1.0      1.0      1.0      1.0      1.0      3.0      1.0      1.0      1.0      1.0      1.0
  8                386.0      1.0      1.0      1.0      1.0      1.0      6.0      1.0      1.0      1.0      1.0      1.0
  9                760.0      1.0      1.0      1.0      1.0      1.0      7.0      1.0      1.0      1.0      1.0      1.0
  SPACE          79714.0      1.0   1573.0    121.0    650.0     46.0    647.0      2.0      2.0      1.0      1.0      1.0
  PERIOD          1106.0      1.0     14.0      1.0      1.0      1.0   2324.0      5.0     24.0      1.0      1.0      1.0
  COMMA           5805.0     15.0     72.0      1.0      1.0      1.0    532.0      1.0      6.0      1.0      1.0      1.0
  OTHER           3501.0      2.0     50.0      2.0      5.0      6.0    233.0      1.0      1.0      1.0      1.0      1.0
  BOS                2.0      1.0      1.0      1.0      1.0      1.0      2.0      1.0      1.0      1.0      1.0      1.0
  EOS                1.0      1.0      1.0      1.0      1.0      1.0      1.0      1.0      1.0      1.0      1.0      1.0
  [total]       506377.0    335.0   7153.0   1306.0   3944.0   2726.0  12050.0     48.0    150.0     44.0     42.0     42.0

prev1
  a              57622.0      1.0    365.0      1.0      1.0   1376.0     55.0      1.0      1.0      1.0      1.0      1.0
  b               3834.0      1.0    231.0      8.0     28.0      1.0      9.0      1.0      1.0      1.0      1.0      1.0
  c              16157.0      1.0    177.0     83.0   2033.0     29.0     79.0      1.0      1.0      1.0      1.0      1.0
  d              22559.0      1.0    212.0    128.0     34.0      1.0     31.0      1.0      1.0      1.0      1.0      1.0
  e              52060.0      1.0     56.0      8.0     11.0    147.0     34.0      1.0      1.0      1.0      1.0      1.0
  f               4343.0      1.0    207.0      4.0      2.0      1.0     24.0      1.0      1.0      1.0      1.0      1.0
  g               5243.0      1.0     78.0     61.0     71.0      1.0     11.0      1.0      1.0      1.0      1.0      1.0
  h               2758.0      1.0     82.0      3.0     71.0      1.0      2.0      1.0      1.0      1.0      1.0      1.0
  i              32050.0      1.0     91.0     64.0    209.0    397.0    179.0      1.0      1.0      1.0      1.0      1.0
  j                854.0      1.0    132.0      1.0      3.0      1.0      4.0      1.0      1.0      1.0      1.0      1.0
  k                333.0      1.0      1.0      1.0      1.0      1.0      2.0      1.0      1.0      1.0      1.0      1.0
  l              12564.0      1.0    597.0    129.0     13.0      6.0     45.0      1.0      1.0      1.0      1.0      1.0
  m              18575.0      1.0    572.0     30.0     49.0      1.0     21.0      1.0      1.0      1.0      1.0      1.0
  n              22667.0      1.0    406.0    120.0    355.0    331.0     66.0      1.0      1.0      1.0      1.0      1.0
  o              45193.0      1.0     16.0      3.0     11.0     20.0     38.0      1.0      1.0      1.0      1.0      1.0
  p              11011.0      1.0    369.0     29.0     20.0     30.0    104.0      1.0      1.0      1.0      1.0      1.0
  q               3464.0      1.0      1.0      1.0      1.0      1.0      1.0      1.0      1.0      1.0      1.0      1.0
  r              27449.0      1.0    733.0    150.0     82.0    161.0     16.0      1.0      1.0      1.0      1.0      1.0
  s              32871.0      1.0    427.0     24.0    580.0      1.0     26.0      1.0      1.0      1.0      1.0      1.0
  t              20574.0      2.0    935.0    223.0    302.0      1.0     22.0      1.0      1.0      1.0      1.0      1.0
  u              16581.0      1.0    194.0    147.0      1.0    197.0     42.0      1.0      1.0      1.0      1.0      1.0
  v               5196.0      1.0    271.0     35.0     21.0      1.0     32.0      1.0      1.0      1.0      1.0      1.0
  w                150.0      1.0      2.0      1.0      1.0      1.0      2.0      1.0      1.0      1.0      1.0      1.0
  x               1135.0      1.0     45.0      3.0      9.0      1.0    113.0      1.0      1.0      1.0      1.0      1.0
  y                145.0      1.0      1.0      1.0      2.0      1.0      1.0      1.0      1.0      1.0      1.0      1.0
  z               1364.0      1.0      5.0     18.0     17.0      1.0      1.0      1.0      1.0      1.0      1.0      1.0
  0               1042.0      1.0      1.0      1.0      1.0      1.0      1.0      1.0      1.0      1.0      1.0      1.0
  1               1295.0      1.0      1.0      1.0      1.0      1.0      1.0      1.0      1.0      1.0      1.0      1.0
  2                601.0      1.0      1.0      1.0      1.0      1.0      1.0      1.0      1.0      1.0      1.0      1.0
  3                353.0      1.0      1.0      1.0      1.0      1.0      2.0      1.0      1.0      1.0      1.0      1.0
  4                262.0      1.0      1.0      1.0      1.0      1.0      1.0      1.0      1.0      1.0      1.0      1.0
  5                329.0      1.0      1.0      1.0      1.0      1.0      1.0      1.0      1.0      1.0      1.0      1.0
  6                274.0      1.0      1.0      1.0      1.0      1.0      1.0      1.0      1.0      1.0      1.0      1.0
  7                299.0      1.0      1.0      1.0      1.0      1.0      1.0      1.0      1.0      1.0      1.0      1.0
  8                391.0      1.0      1.0      1.0      1.0      1.0      1.0      1.0      1.0      1.0      1.0      1.0
  9                766.0      1.0      1.0      1.0      1.0      1.0      1.0      1.0      1.0      1.0      1.0      1.0
  SPACE          71659.0    293.0    924.0     15.0      1.0      1.0   9751.0      5.0    105.0      3.0      1.0      1.0
  PERIOD          2623.0      1.0      1.0      1.0      1.0      1.0    846.0      2.0      1.0      1.0      1.0      1.0
  COMMA           6425.0      1.0      1.0      1.0      1.0      1.0      2.0      1.0      1.0      1.0      1.0      1.0
  OTHER           3304.0      1.0      9.0      1.0      1.0      1.0    477.0      2.0      5.0      1.0      1.0      1.0
  BOS                1.0      1.0      1.0      1.0      1.0      1.0      2.0      1.0      1.0      1.0      1.0      1.0
  EOS                1.0      1.0      1.0      1.0      1.0      1.0      1.0      1.0      1.0      1.0      1.0      1.0
  [total]       506377.0    335.0   7153.0   1306.0   3944.0   2726.0  12050.0     48.0    150.0     44.0     42.0     42.0

letter
  a              51750.0    294.0   1729.0    298.0   3137.0      1.0   2153.0      7.0     52.0      3.0      1.0      1.0
  b               3681.0      1.0      1.0      1.0      1.0      1.0    426.0      1.0      1.0      1.0      1.0      1.0
  c              14953.0      1.0      1.0      1.0      1.0   2685.0    917.0      1.0      1.0      1.0      1.0      1.0
  d              22573.0      1.0      1.0      1.0      1.0      1.0    388.0      1.0      1.0      1.0      1.0      1.0
  e              48188.0      1.0   2208.0    709.0      1.0      1.0   1173.0      1.0     37.0      1.0      1.0      1.0
  f               4310.0      1.0      1.0      1.0      1.0      1.0    267.0      1.0      1.0      1.0      1.0      1.0
  g               5204.0      1.0      1.0      1.0      1.0      1.0    257.0      1.0      1.0      1.0      1.0      1.0
  h               2666.0      1.0      1.0      1.0      1.0      1.0    247.0      1.0      1.0      1.0      1.0      1.0
  i              30540.0      1.0   1861.0      2.0      1.0      1.0    566.0      1.0     20.0      1.0      1.0      1.0
  j                821.0      1.0      1.0      1.0      1.0      1.0    170.0      1.0      1.0      1.0      1.0      1.0
  k                207.0      1.0      1.0      1.0      1.0      1.0    128.0      1.0      1.0      1.0      1.0      1.0
  l              12981.0      1.0      1.0      1.0      1.0      1.0    369.0      1.0      1.0      1.0      1.0      1.0
  m              18695.0      1.0      1.0      1.0      1.0      1.0    549.0      1.0      1.0      1.0      1.0      1.0
  n              23396.0      1.0      1.0      1.0      1.0      1.0    545.0      1.0      1.0      1.0      1.0      1.0
  o              42553.0      1.0    905.0    259.0    767.0      1.0    795.0      1.0      2.0      1.0      1.0      1.0
  p              10732.0      1.0      1.0      1.0      1.0      1.0    827.0      1.0      1.0      1.0      1.0      1.0
  q               3407.0      1.0      1.0      1.0      1.0      1.0     58.0      1.0      1.0      1.0      1.0      1.0
  r              28249.0      1.0      1.0      1.0      1.0      1.0    338.0      1.0      1.0      1.0      1.0      1.0
  s              33306.0      1.0      1.0      1.0      1.0      1.0    619.0      1.0      1.0      1.0      1.0      1.0
  t              21658.0      1.0      1.0      1.0      1.0      1.0    396.0      1.0      1.0      1.0      1.0      1.0
  u              16358.0      1.0    413.0      1.0      1.0      1.0    387.0      1.0      2.0      1.0      1.0      1.0
  v               5412.0      1.0      1.0      1.0      1.0      1.0    140.0      1.0      1.0      1.0      1.0      1.0
  w                 87.0      1.0      1.0      1.0      1.0      1.0     66.0      1.0      1.0      1.0      1.0      1.0
  x               1103.0      1.0      1.0      1.0      1.0      1.0    199.0      1.0      1.0      1.0      1.0      1.0
  y                142.0      1.0      1.0      1.0      1.0      1.0      5.0      1.0      1.0      1.0      1.0      1.0
  z               1353.0      1.0      1.0      1.0      1.0      1.0     49.0      1.0      1.0      1.0      1.0      1.0
  0               1042.0      1.0      1.0      1.0      1.0      1.0      1.0      1.0      1.0      1.0      1.0      1.0
  1               1295.0      1.0      1.0      1.0      1.0      1.0      1.0      1.0      1.0      1.0      1.0      1.0
  2                601.0      1.0      1.0      1.0      1.0      1.0      1.0      1.0      1.0      1.0      1.0      1.0
  3                354.0      1.0      1.0      1.0      1.0      1.0      1.0      1.0      1.0      1.0      1.0      1.0
  4                262.0      1.0      1.0      1.0      1.0      1.0      1.0      1.0      1.0      1.0      1.0      1.0
  5                329.0      1.0      1.0      1.0      1.0      1.0      1.0      1.0      1.0      1.0      1.0      1.0
  6                274.0      1.0      1.0      1.0      1.0      1.0      1.0      1.0      1.0      1.0      1.0      1.0
  7                299.0      1.0      1.0      1.0      1.0      1.0      1.0      1.0      1.0      1.0      1.0      1.0
  8                391.0      1.0      1.0      1.0      1.0      1.0      1.0      1.0      1.0      1.0      1.0      1.0
  9                766.0      1.0      1.0      1.0      1.0      1.0      1.0      1.0      1.0      1.0      1.0      1.0
  SPACE          82748.0      1.0      1.0      1.0      1.0      1.0      1.0      1.0      1.0      1.0      1.0      1.0
  PERIOD          3470.0      1.0      1.0      1.0      1.0      1.0      1.0      1.0      1.0      1.0      1.0      1.0
  COMMA           6426.0      1.0      1.0      1.0      1.0      1.0      1.0      1.0      1.0      1.0      1.0      1.0
  OTHER           3793.0      1.0      1.0      1.0      1.0      1.0      1.0      1.0      1.0      1.0      1.0      1.0
  BOS                1.0      1.0      1.0      1.0      1.0      1.0      1.0      1.0      1.0      1.0      1.0      1.0
  EOS                1.0      1.0      1.0      1.0      1.0      1.0      1.0      1.0      1.0      1.0      1.0      1.0
  [total]       506377.0    335.0   7153.0   1306.0   3944.0   2726.0  12050.0     48.0    150.0     44.0     42.0     42.0

next1
  a              55672.0      1.0     54.0      1.0      1.0   1990.0   1700.0      1.0      2.0      1.0      1.0      1.0
  b               3900.0      1.0    144.0      1.0      1.0      1.0     64.0      1.0      1.0      1.0      1.0      1.0
  c              17825.0      1.0    563.0      1.0      1.0      1.0    167.0      1.0      1.0      1.0      1.0      1.0
  d              22579.0      1.0    251.0      3.0      1.0      1.0    129.0      1.0      2.0      1.0      1.0      1.0
  e              50319.0      1.0      4.0      2.0    779.0      1.0   1211.0      1.0      1.0      1.0      1.0      1.0
  f               4318.0      1.0     97.0      1.0      1.0      1.0    150.0      1.0     14.0      1.0      1.0      1.0
  g               5238.0      1.0    180.0      1.0      1.0      1.0     44.0      1.0      1.0      1.0      1.0      1.0
  h               2722.0      1.0      1.0      1.0      1.0      1.0    191.0      1.0      1.0      1.0      1.0      1.0
  i              31989.0      1.0     68.0      1.0      2.0      1.0    929.0      1.0      1.0      1.0      1.0      1.0
  j                984.0      1.0      1.0      1.0      1.0      1.0      4.0      1.0      4.0      1.0      1.0      1.0
  k                322.0      1.0      3.0      3.0      1.0      1.0      9.0      1.0      1.0      1.0      1.0      1.0
  l              12634.0      1.0    278.0      2.0      1.0      1.0    429.0      1.0     10.0      1.0      1.0      1.0
  m              17926.0      1.0    434.0    286.0      2.0      1.0    599.0      1.0      1.0      1.0      1.0      1.0
  n              22128.0      1.0    348.0    804.0      1.0      1.0    642.0      1.0     20.0      3.0      1.0      1.0
  o              40145.0      1.0     67.0      1.0   3033.0    683.0   1352.0      1.0      1.0      1.0      1.0      1.0
  p              11203.0      1.0    215.0      1.0      1.0      1.0    137.0      1.0      6.0      1.0      1.0      1.0
  q               3273.0      4.0     22.0      1.0      1.0      1.0    168.0      1.0      1.0      1.0      1.0      1.0
  r              26505.0      1.0   1266.0      5.0      1.0      1.0    802.0      1.0     12.0      1.0      1.0      1.0
  s              32096.0     63.0    821.0    122.0     24.0      1.0    782.0      2.0     21.0      1.0      1.0      1.0
  t              21335.0      1.0    579.0      2.0      1.0      1.0    139.0      1.0      2.0      1.0      1.0      1.0
  u              16331.0      1.0     19.0      4.0      1.0     14.0    790.0      1.0      4.0      1.0      1.0      1.0
  v               5160.0      1.0    341.0      1.0      1.0      1.0     52.0      1.0      1.0      1.0      1.0      1.0
  w                143.0      1.0      1.0      1.0      1.0      1.0     10.0      1.0      1.0      1.0      1.0      1.0
  x               1084.0      1.0    111.0      6.0      1.0      1.0    103.0      1.0      1.0      1.0      1.0      1.0
  y                133.0      1.0      1.0      1.0      1.0      1.0     14.0      1.0      1.0      1.0      1.0      1.0
  z               1375.0      1.0     12.0      1.0      1.0      1.0     16.0      1.0      1.0      1.0      1.0      1.0
  0               1042.0      1.0      1.0      1.0      1.0      1.0      1.0      1.0      1.0      1.0      1.0      1.0
  1               1294.0      1.0      1.0      1.0      1.0      1.0      2.0      1.0      1.0      1.0      1.0      1.0
  2                579.0      1.0      1.0      1.0      1.0      1.0     23.0      1.0      1.0      1.0      1.0      1.0
  3                353.0      1.0      1.0      1.0      1.0      1.0      2.0      1.0      1.0      1.0      1.0      1.0
  4                261.0      1.0      1.0      1.0      1.0      1.0      2.0      1.0      1.0      1.0      1.0      1.0
  5                329.0      1.0      1.0      1.0      1.0      1.0      1.0      1.0      1.0      1.0      1.0      1.0
  6                274.0      1.0      1.0      1.0      1.0      1.0      1.0      1.0      1.0      1.0      1.0      1.0
  7                299.0      1.0      1.0      1.0      1.0      1.0      1.0      1.0      1.0      1.0      1.0      1.0
  8                391.0      1.0      1.0      1.0      1.0      1.0      1.0      1.0      1.0      1.0      1.0      1.0
  9                766.0      1.0      1.0      1.0      1.0      1.0      1.0      1.0      1.0      1.0      1.0      1.0
  SPACE          80226.0    229.0   1135.0     19.0     39.0      1.0   1078.0      6.0     23.0      1.0      1.0      1.0
  PERIOD          3340.0      1.0      4.0      3.0     11.0      1.0    116.0      1.0      1.0      1.0      1.0      1.0
  COMMA           6260.0      1.0     40.0      3.0     17.0      1.0    110.0      1.0      1.0      1.0      1.0      1.0
  OTHER           3621.0      1.0     81.0     15.0      4.0      1.0     76.0      1.0      1.0      1.0      1.0      1.0
  BOS                1.0      1.0      1.0      1.0      1.0      1.0      1.0      1.0      1.0      1.0      1.0      1.0
  EOS                2.0      1.0      1.0      1.0      1.0      1.0      1.0      1.0      1.0      1.0      1.0      1.0
  [total]       506377.0    335.0   7153.0   1306.0   3944.0   2726.0  12050.0     48.0    150.0     44.0     42.0     42.0

next2
  a              57936.0     25.0    354.0      9.0      6.0      5.0   1076.0      2.0      9.0      1.0      1.0      1.0
  b               3783.0      7.0     29.0     31.0      3.0      1.0    257.0      1.0      2.0      1.0      1.0      1.0
  c              17431.0     25.0    219.0    475.0      4.0      6.0    395.0      1.0      5.0      1.0      1.0      1.0
  d              22361.0     23.0    213.0     25.0      5.0     47.0    270.0      1.0     23.0      1.0      1.0      1.0
  e              50027.0     19.0    819.0     76.0      6.0    503.0    864.0      2.0      3.0      1.0      1.0      1.0
  f               4427.0     10.0     58.0      6.0      3.0      1.0     75.0      1.0      3.0      1.0      1.0      1.0
  g               4927.0      2.0     74.0      3.0      1.0      3.0    454.0      1.0      2.0      2.0      1.0      1.0
  h               2767.0      3.0     26.0      2.0      1.0      1.0    118.0      1.0      1.0      1.0      1.0      1.0
  i              29061.0     21.0   2613.0    363.0      3.0      1.0    895.0      1.0     34.0      2.0      1.0      1.0
  j                949.0      1.0      3.0      1.0      1.0      1.0     40.0      1.0      1.0      1.0      1.0      1.0
  k                302.0      1.0      2.0      1.0      1.0      1.0     32.0      1.0      1.0      1.0      1.0      1.0
  l              12578.0      9.0    160.0     11.0      1.0      8.0    584.0      2.0      4.0      1.0      1.0      1.0
  m              18690.0     21.0    114.0      2.0     11.0     14.0    394.0      2.0      3.0      1.0      1.0      1.0
  n              23006.0      3.0     82.0      5.0      3.0     12.0    835.0      1.0      1.0      1.0      1.0      1.0
  o              43023.0      3.0    316.0     14.0      3.0   1529.0    392.0      1.0      3.0      1.0      1.0      1.0
  p              11103.0     22.0     69.0      1.0      4.0      1.0    363.0      1.0      2.0      1.0      1.0      1.0
  q               3360.0      3.0     48.0      2.0      1.0      1.0     54.0      1.0      2.0      1.0      1.0      1.0
  r              27227.0     12.0    162.0      1.0      2.0     35.0   1140.0      1.0     14.0      1.0      1.0      1.0
  s              32118.0     22.0    155.0      9.0    803.0    198.0    623.0      1.0      3.0      1.0      1.0      1.0
  t              20892.0      7.0    231.0     45.0      5.0      1.0    868.0      2.0     10.0      1.0      1.0      1.0
  u              16273.0      4.0    459.0      3.0      1.0     32.0    390.0      1.0      2.0      1.0      1.0      1.0
  v               5349.0      9.0     23.0      2.0      1.0      2.0    170.0      1.0      2.0      1.0      1.0      1.0
  w                131.0      1.0      1.0      3.0      1.0      1.0     20.0      1.0      1.0      1.0      1.0      1.0
  x               1197.0      1.0      1.0      1.0      1.0      1.0    105.0      1.0      1.0      1.0      1.0      1.0
  y                105.0      1.0      1.0      1.0      1.0      1.0     42.0      1.0      1.0      1.0      1.0      1.0
  z               1352.0      1.0      5.0      1.0      1.0      1.0     46.0      1.0      1.0      1.0      1.0      1.0
  0               1039.0      1.0      1.0      1.0      1.0      1.0      4.0      1.0      1.0      1.0      1.0      1.0
  1               1273.0      1.0     21.0      1.0      1.0      1.0      3.0      1.0      1.0      1.0      1.0      1.0
  2                568.0      1.0     17.0      1.0      1.0      1.0     18.0      1.0      1.0      1.0      1.0      1.0
  3                351.0      1.0      3.0      1.0      1.0      1.0      2.0      1.0      1.0      1.0      1.0      1.0
  4                260.0      1.0      2.0      1.0      1.0      1.0      2.0      1.0      1.0      1.0      1.0      1.0
  5                327.0      1.0      3.0      1.0      1.0      1.0      1.0      1.0      1.0      1.0      1.0      1.0
  6                274.0      1.0      1.0      1.0      1.0      1.0      1.0      1.0      1.0      1.0      1.0      1.0
  7                292.0      1.0      8.0      1.0      1.0      1.0      1.0      1.0      1.0      1.0      1.0      1.0
  8                390.0      1.0      1.0      1.0      1.0      1.0      2.0      1.0      1.0      1.0      1.0      1.0
  9                765.0      1.0      1.0      1.0      1.0      1.0      2.0      1.0      1.0      1.0      1.0      1.0
  SPACE          77765.0     63.0    684.0    169.0   2627.0    238.0   1206.0      2.0      1.0      1.0      1.0      1.0
  PERIOD          3190.0      1.0     45.0      8.0    144.0     22.0     66.0      1.0      1.0      1.0      1.0      1.0
  COMMA           5943.0      1.0     82.0     18.0    224.0     35.0    129.0      1.0      1.0      1.0      1.0      1.0
  OTHER           3561.0      2.0     45.0      6.0     64.0     12.0    109.0      1.0      1.0      1.0      1.0      1.0
  BOS                1.0      1.0      1.0      1.0      1.0      1.0      1.0      1.0      1.0      1.0      1.0      1.0
  EOS                3.0      1.0      1.0      1.0      1.0      1.0      1.0      1.0      1.0      1.0      1.0      1.0
  [total]       506377.0    335.0   7153.0   1306.0   3944.0   2726.0  12050.0     48.0    150.0     44.0     42.0     42.0

next3
  a              56618.0     28.0    865.0    109.0    238.0     57.0   1477.0      1.0     28.0      1.0      1.0      1.0
  b               3870.0      2.0     39.0      4.0     24.0      5.0    167.0      1.0      2.0      1.0      1.0      1.0
  c              16696.0     12.0   1141.0    253.0    161.0     17.0    274.0      1.0      6.0      1.0      1.0      1.0
  d              21294.0      5.0    330.0     21.0    788.0     74.0    453.0      1.0      2.0      1.0      1.0      1.0
  e              50242.0     55.0    402.0     34.0    354.0     39.0   1182.0      3.0      7.0      2.0      1.0      1.0
  f               4325.0      7.0     42.0      9.0     93.0     13.0     93.0      1.0      1.0      1.0      1.0      1.0
  g               5092.0      5.0     30.0      5.0     32.0      3.0    299.0      1.0      1.0      1.0      1.0      1.0
  h               2716.0      3.0     15.0      1.0     27.0      6.0    150.0      1.0      1.0      1.0      1.0      1.0
  i              30295.0     27.0    827.0    559.0     83.0      9.0   1146.0      1.0     46.0      1.0      1.0      1.0
  j                914.0      1.0      5.0      3.0      7.0      2.0     64.0      1.0      1.0      1.0      1.0      1.0
  k                303.0      1.0      1.0      1.0      3.0      1.0     30.0      1.0      1.0      1.0      1.0      1.0
  l              12529.0     10.0    472.0      4.0     35.0      2.0    303.0      1.0      1.0      1.0      1.0      1.0
  m              18532.0     16.0    273.0     29.0     83.0     14.0    299.0      1.0      4.0      1.0      1.0      1.0
  n              23085.0     16.0    104.0     30.0     85.0     17.0    609.0      1.0      1.0      1.0      1.0      1.0
  o              43087.0     36.0   1144.0     80.0     95.0     42.0    792.0      1.0      6.0      2.0      1.0      1.0
  p              11068.0      7.0     48.0     13.0    194.0     26.0    207.0      2.0      1.0      1.0      1.0      1.0
  q               3334.0      3.0     17.0      4.0     42.0      6.0     64.0      1.0      1.0      1.0      1.0      1.0
  r              27402.0     21.0    231.0     19.0     62.0      5.0    850.0      1.0      3.0      1.0      1.0      1.0
  s              32169.0     16.0    310.0     24.0    173.0    518.0    719.0      1.0      2.0      1.0      1.0      1.0
  t              21252.0      5.0     79.0     17.0     81.0      9.0    614.0      1.0      3.0      1.0      1.0      1.0
  u              16442.0     25.0    181.0     21.0     24.0      3.0    464.0      3.0      2.0      1.0      1.0      1.0
  v               5378.0      5.0     10.0      6.0     24.0      3.0    129.0      2.0      2.0      1.0      1.0      1.0
  w                121.0      1.0      1.0      2.0      2.0      1.0     30.0      1.0      1.0      1.0      1.0      1.0
  x               1216.0      7.0     15.0      1.0      2.0      1.0     62.0      1.0      4.0      1.0      1.0      1.0
  y                130.0      1.0      1.0      1.0      1.0      1.0     17.0      1.0      1.0      1.0      1.0      1.0
  z               1354.0      1.0     12.0      1.0      1.0      1.0     37.0      1.0      1.0      1.0      1.0      1.0
  0               1023.0      1.0     17.0      1.0      1.0      1.0      4.0      1.0      1.0      1.0      1.0      1.0
  1               1172.0      3.0     10.0      1.0      3.0      1.0    111.0      1.0      1.0      1.0      1.0      1.0
  2                573.0      2.0      4.0      1.0      1.0      1.0     25.0      1.0      1.0      1.0      1.0      1.0
  3                345.0      1.0      2.0      1.0      1.0      1.0      9.0      1.0      1.0      1.0      1.0      1.0
  4                260.0      1.0      1.0      1.0      1.0      1.0      3.0      1.0      1.0      1.0      1.0      1.0
  5                324.0      1.0      4.0      1.0      1.0      1.0      3.0      1.0      1.0      1.0      1.0      1.0
  6                273.0      1.0      2.0      1.0      1.0      1.0      1.0      1.0      1.0      1.0      1.0      1.0
  7                296.0      1.0      2.0      1.0      1.0      1.0      3.0      1.0      1.0      1.0      1.0      1.0
  8                383.0      1.0      8.0      1.0      1.0      1.0      2.0      1.0      1.0      1.0      1.0      1.0
  9                753.0      1.0     10.0      1.0      2.0      1.0      4.0      1.0      1.0      1.0      1.0      1.0
  SPACE          78594.0      1.0    442.0     35.0   1057.0   1613.0   1006.0      1.0      6.0      1.0      1.0      1.0
  PERIOD          3220.0      1.0     13.0      2.0     59.0     90.0     91.0      1.0      1.0      1.0      1.0      1.0
  COMMA           6093.0      1.0     21.0      1.0     60.0    107.0    149.0      1.0      1.0      1.0      1.0      1.0
  OTHER           3599.0      1.0     20.0      5.0     39.0     29.0    106.0      1.0      1.0      1.0      1.0      1.0
  BOS                1.0      1.0      1.0      1.0      1.0      1.0      1.0      1.0      1.0      1.0      1.0      1.0
  EOS                4.0      1.0      1.0      1.0      1.0      1.0      1.0      1.0      1.0      1.0      1.0      1.0
  [total]       506377.0    335.0   7153.0   1306.0   3944.0   2726.0  12050.0     48.0    150.0     44.0     42.0     42.0



Time taken to build model: 0.1 seconds

=== Stratified cross-validation ===
=== Summary ===

Correctly Classified Instances      497799               93.2709 %
Incorrectly Classified Instances     35914                6.7291 %
Kappa statistic                          0.4301
Mean absolute error                      0.0169
Root mean squared error                  0.0909
Relative absolute error                102.0338 %
Root relative squared error             99.9625 %
Total Number of Instances           533713     

=== Detailed Accuracy By Class ===

               TP Rate   FP Rate   Precision   Recall  F-Measure   ROC Area  Class
                 0.954     0.454      0.975     0.954     0.964      0.91     0
                 0.225     0.001      0.09      0.225     0.128      0.996    1
                 0.315     0.011      0.277     0.315     0.294      0.927    2
                 0.595     0.002      0.405     0.595     0.482      0.987    3
                 0.891     0.001      0.868     0.891     0.88       0.998    4
                 0.865     0.003      0.635     0.865     0.732      0.999    5
                 0.484     0.024      0.321     0.484     0.386      0.942    6
                 0         0.002      0         0         0          0.928    7
                 0.009     0.001      0.003     0.009     0.004      0.984    8
                 0         0          0         0         0          0.655    9
                 0         0          0         0         0          ?        10
                 0         0          0         0         0          ?        11
Weighted Avg.    0.933     0.431      0.946     0.933     0.939      0.913

=== Confusion Matrix ===

      a      b      c      d      e      f      g      h      i      j      k      l   <-- classified as
 483125    660   5746   1063    521   1338  12191   1325    361      5      0      0 |      a = 0
    203     66      0      0      0      0     24      0      0      0      0      0 |      b = 1
   4803      0   2238     38      3      0     25      0      4      0      0      0 |      c = 2
    415      0     90    752      0      0      7      0      0      0      0      0 |      d = 3
    423      0      1      1   3477      0      0      0      0      0      0      0 |      e = 4
    361      0      0      0      0   2323      0      0      0      0      0      0 |      f = 5
   6166      8     11      1      3      0   5817      0      2      0      0      0 |      g = 6
      2      0      0      0      0      0      4      0      0      0      0      0 |      h = 7
     44      1      5      0      0      0     57      0      1      0      0      0 |      i = 8
      1      0      0      0      0      0      1      0      0      0      0      0 |      j = 9
      0      0      0      0      0      0      0      0      0      0      0      0 |      k = 10
      0      0      0      0      0      0      0      0      0      0      0      0 |      l = 11

