      a      b      c      d      e      f      g      h      i      j      k      l   <-- classified as
 504980      0    564     75     28     54    625      0      9      0      0      0 |      a = 0
    291      0      0      0      0      0      2      0      0      0      0      0 |      b = 1
   2684      0   4392     27      1      0      7      0      0      0      0      0 |      c = 2
    487      0     10    767      0      0      0      0      0      0      0      0 |      d = 3
    225      0      0      1   3676      0      0      0      0      0      0      0 |      e = 4
    122      0      0      0      0   2560      2      0      0      0      0      0 |      f = 5
   5793      0      2      0      0      8   6200      0      5      0      0      0 |      g = 6
      1      0      0      0      0      0      5      0      0      0      0      0 |      h = 7
     56      0      2      0      0      0      4      0     46      0      0      0 |      i = 8
      2      0      0      0      0      0      0      0      0      0      0      0 |      j = 9
      0      0      0      0      0      0      0      0      0      0      0      0 |      k = 10
      0      0      0      0      0      0      0      0      0      0      0      0 |      l = 11