      a      b      c      d      e      f      g      h      i      j      k      l   <-- classified as
 484442    702   5600    996    520    791  11821   1108    353      2      0      0 |      a = 0
    202     65      0      0      0      0     26      0      0      0      0      0 |      b = 1
   4526      0   2520     38      2      0     20      0      5      0      0      0 |      c = 2
    404      0     92    761      0      0      7      0      0      0      0      0 |      d = 3
    401      0      1      1   3499      0      0      0      0      0      0      0 |      e = 4
    424      0      0      0      0   2260      0      0      0      0      0      0 |      f = 5
   6048      9      7      0      3     15   5924      0      2      0      0      0 |      g = 6
      2      0      0      0      0      0      4      0      0      0      0      0 |      h = 7
     45      1      6      0      0      0     54      0      2      0      0      0 |      i = 8
      1      0      0      0      0      0      1      0      0      0      0      0 |      j = 9
      0      0      0      0      0      0      0      0      0      0      0      0 |      k = 10
      0      0      0      0      0      0      0      0      0      0      0      0 |      l = 11